Алгоритм Фюрера - https://ru.wikipedia.org/wiki/%D0%90%D0%BB%D0%B3%D0%BE%D1%80%D0%B8%D1%82%D0%BC_%D0%A4%D1%8E%D1%80%D0%B5%D1%80%D0%B0
                                   
                                   1    2    3    4    5
     x
                         5    4    3    9    8    7    6
     
     ---------------------------------------------------
                     
                                   6   12   18   24   30
                              7   14   21   28   35
                              7   20   33   46   59   30  *
                     
                         8   16   24   32   40
                         8   23   44   65   86   59   30  *
                     
                    9   18   27   36   45
                    9   26   50   80  110   86   59   30  *

               3    6    9   12   15
               3   15   35   62   95  110   86   59   30  *

          4    8   12   16   20
          4   11   27   51   82   95  110   86   59   30  *

     5   10   15   20   25
     5   14   26   47   76   82   95  110   86   59   30  *
     ---------------------------------------------------
     Линейная (ациклическая) свертка последовательностей
     (1,2,3,4,5) и (5,4,3,9,8,7,6)

     Выполняем переносы
     ---------------------------------------------------
     5   14   26   47   76   82   95  110   86   62    0
     5   14   26   47   76   82   95  110   92    2    0
     5   14   26   47   76   82   95  119    2    2    0
     5   14   26   47   76   82  106    9    2    2    0
     5   14   26   47   76   92    6    9    2    2    0
     5   14   26   47   85    2    6    9    2    2    0
     5   14   26   55    5    2    6    9    2    2    0
     5   14   31    5    5    2    6    9    2    2    0
     5   17    1    5    5    2    6    9    2    2    0
     6    7    1    5    5    2    6    9    2    2    0


     12345 * 5439876 = 67155269220


